4050024190
4050025460
4050026610
4050026620
4050026660
4050026670
4050026820
4050026830
4050027010
4050027020
4050027100
4050027110
4050027780
4050027790
4050027940
4050027950
4050028040
4050028050
4050028200
4050028210
4050028550
4050028560
4050028670
4050028680
4050028760
4050028770
4050029530
4050029810
4050029820
4050031520
4050031530
4050031610
4050031620
4050031730
4050031740
4050031750
4050031820
4050031830
4050032410
4050032420
4050032880
4050032890
4050033430
4050033440
4050048470
4050050400
4050051120
4050053490
4050515470
4050515600
4050520710
4050523580
4050523690
4050607260
4050607420
4050648310
4050648320
4050709980
4050709990
4050729700
4050729890
4050769230
4050769470
4050784150
4050784170
4050784370
4050785020
4050785260
4050786190
4050786650
4050802250
4050802440
4050838850
4050839030
4050865800
4050865930
4050876680
4050876840
4050884290
4050884570
4050886200
4050886350
4050900670
4050900680
4050901850
4050901960
4050902890
4050903190
4050911450
4050911460
4050911800
4050911950
4050919920
4050919930
4050952440
4050952550
4050956220
4050956230
4050960480
4050975160
4051013550
4051013620
4051013640
4051013760
4051017890
4051017990
4051019890
4051031590
4051031720
4051063670
4051063690
4051063700
4051063810
4051065170
4051065250
4051081260
4051081310
4051083880
4051083890
4051092490
4051092530
4051096370
4051096410
4051101500
4051101510
4050002470
4050002480
4050002770
4050005720
4050006520
4050006530
4050007090
4050007380
4050007410
4050007670
4050007940
4050007950
4050008060
4050009280
4050009880
4050009890
4050010160
4050010370
4050010380
4050011550
4050012280
4050012770
4050012990
4050013000
4050047500
4050050210
4050050270
4050050280
4050050320
4050050340
4050050440
4050050450
4050050470
4050050480
4050050520
4050050550
4050050560
4050050580
4050050590
4050050600
4050050610
4050050740
4050050940
4050050980
4050051010
4050051020
4050051100
4050051160
4050051270
4050051460
4050051530
4050051670
4050051890
4050052120
4050052650
4050062830
4050110370
4050110480
4050136400
4050136410
4050146590
4050148980
4050151730
4050154410
4050169400
4050186730
4050195690
4050195810
4050225210
4050240510
4050244900
4050247970
4050247980
4050251620
4050251820
4050255200
4050313680
4050325660
4050326920
4050327070
4050327110
4050333000
4050348020
4050348030
4050416000
4050416010
4050416190
4050420980
4050421200
4050427020
4050431060
4050431380
4050438130
4050439980
4050440700
4050441830
4050448990
4050449660
4050462690
4050469430
4050469570
4050469680
4050475000
4050475930
4050476110
4050483080
4050483160
4050486110
4050486980
4050492120
4050505600
4050505750
4050508830
4050508980
4050509080
4050510850
4050548260
4050548370
4050567380
4050567390
4050578640
4050585650
4050585760
4050603550
4050625230
4050625490
4050627620
4050629690
4050631960
4050646320
4050667920
4050668010
4050680810
4050689020
4050689150
4050694190
4050704560
4050705050
4050705180
4050718400
4050730280
4050744670
4050748310
4050773130
4050773260
4050774560
4050779690
4050783330
4050783910
4050783960
4050783970
4050791810
4050791820
4050795660
4050801390
4050802680
4050805930
4050817390
4050925590
4050933190
4050960280
4050960530
4050978600
4051043590
